   1000.000      -29.02143       9.786136    
   1100.000      -30.70775       9.055165    
   1200.000      -34.02211       8.394039    
   1254.000      -37.77095       8.064120    
   1259.000      -38.29542       8.034527    
   1264.000      -38.87186       8.005080    
   1269.000      -39.50959       7.975783    
   1274.000      -40.22037       7.946632    
   1279.000      -41.01904       7.917628    
   1284.000      -41.92466       7.888769    
   1289.000      -42.96202       7.860054    
   1294.000      -44.16389       7.831482    
   1294.000      -44.16389       7.831482    
   1299.000      -45.57440       7.803053    
   1299.000      -45.57440       7.803053    
   1300.000      -45.88647       7.797385    
   1304.000      -47.25415       7.774766    
   1304.000      -47.25415       7.774766    
   1309.000      -49.28857       7.746620    
   1309.000      -49.28857       7.746620    
   1314.000      -51.80165       7.718613    
   1314.000      -51.80165       7.718613    
   1319.000      -54.98020       7.690746    
   1319.000      -54.98020       7.690746    
   1324.000      -59.11921       7.663016    
   1324.000      -59.11921       7.663016    
   1329.000      -64.71474       7.635425    
   1329.000      -64.71474       7.635425    
   1334.000      -72.67819       7.607969    
   1334.000      -72.67819       7.607969    
   1339.000      -84.92703       7.580650    
   1339.000      -84.92703       7.580650    
   1344.000      -106.5838       7.553465    
   1344.000      -106.5838       7.553465    
   1349.000      -162.3598       7.526414    
   1349.000      -162.3598       7.526414    
   1354.000      -142.8426       179.4054    
   1354.000      -142.8426       179.4054    
   1359.000      -70.94893       147.0414    
   1359.000      -70.94893       147.0414    
   1364.000      -43.93805       121.4035    
   1364.000      -43.93805       121.4035    
   1369.000      -32.45814       100.9880    
   1369.000      -32.45814       100.9880    
   1374.000      -29.87304       84.64746    
   1374.000      -29.87304       84.64746    
   1379.000      -33.45345       71.50236    
   1379.000      -33.45345       71.50236    
   1384.000      -45.76313       60.87490    
   1384.000      -45.76313       60.87490    
   1389.000      -81.61911       52.24041    
   1389.000      -81.61911       52.24041    
   1394.000      -71.51875       162.5839    
   1394.000      -71.51875       162.5839    
   1399.000      -21.05967       135.0019    
   1399.000      -21.05967       135.0019    
   1400.000      -15.90068       130.1868    
   1404.000      -1.848714       112.9080    
   1404.000      -1.848714       112.9080    
   1409.000       7.154743       95.11977    
   1409.000       7.154743       95.11977    
   1414.000       11.22286       80.72609    
   1414.000       11.22286       80.72609    
   1419.000       12.58886       69.02146    
   1419.000       12.58886       69.02146    
   1424.000       12.40257       59.45712    
   1424.000       12.40257       59.45712    
   1429.000       11.31307       51.60422    
   1429.000       11.31307       51.60422    
   1434.000       9.708816       45.12613    
   1434.000       9.708816       45.12613    
   1439.000       7.828561       39.75742    
   1439.000       7.828561       39.75742    
   1444.000       5.821227       35.28790    
   1444.000       5.821227       35.28790    
   1449.000       3.779856       31.55039    
   1449.000       3.779856       31.55039    
   1454.000       1.761960       28.41138    
   1459.000     -0.1967923       25.76377    
   1464.000      -2.081614       23.52133    
   1469.000      -3.876937       21.61436    
   1474.000      -5.581768       19.98628    
   1479.000      -7.196560       18.59097    
   1484.000      -8.724401       17.39075    
   1489.000      -10.16991       16.35467    
   1500.000      -13.08771       14.53395    
   1600.000      -31.59826       9.531073    
   1644.000      -39.76137       9.741879    
   1649.000      -40.83884       9.834049    
   1654.000      -41.96095       9.943110    
   1659.000      -43.13258       10.07042    
   1664.000      -44.35900       10.21756    
   1669.000      -45.64606       10.38638    
   1674.000      -47.00021       10.57899    
   1679.000      -48.42864       10.79786    
   1684.000      -50.05786       11.04591    
   1689.000      -51.65975       11.32638    
   1694.000      -53.36338       11.64288    
   1699.000      -55.18075       11.99968    
   1700.000      -55.55909       12.07631    
   1704.000      -57.12598       12.40171    
   1709.000      -59.21609       12.85460    
   1714.000      -61.47247       13.36486    
   1719.000      -63.92348       13.93998    
   1724.000      -66.61056       14.58858    
   1729.000      -69.60451       15.32063    
   1734.000      -73.06651       16.14765    
   1739.000      -77.72453       17.08298    
   1744.000      -80.49680       22.82768    
   1749.000      -82.35954       23.99083    
   1754.000      -85.32503       25.31753    
   1759.000      -39.04924       26.20636    
   1764.000      -39.58481       26.37123    
   1769.000      -40.27325       26.57132    
   1774.000      -41.09726       26.81115    
   1779.000      -42.05121       27.09597    
   1784.000      -43.13589       27.43184    
   1789.000      -44.35630       27.82577    
   1794.000      -45.72067       28.28586    
   1799.000      -47.23996       28.82155    
   1800.000      -47.56353       28.93868    
   1804.000      -48.92776       29.44378    
   1809.000      -18.05201       30.15447    
   1814.000      -17.87095       30.01642    
   1819.000      -17.70197       29.87984    
   1824.000      -17.54308       29.74471    
   1825.000      -17.51245       29.71785    
   1829.000      -17.39361       29.61101    
   1830.000      -17.36479       29.58443    
   1834.000      -17.25300       29.47871    
   1835.000      -17.22590       29.45242    
   1839.000      -17.12084       29.34780    
   1840.000      -17.09540       29.32178    
   1845.000      -16.97303       29.19251    
   1850.000      -16.85863       29.06457    
   1855.000      -16.75216       28.93796    
   1860.000      -16.65372       28.81265    
   1865.000      -16.56352       28.68863    
   1870.000      -16.48199       28.56588    
   1875.000      -16.40977       28.44437    
   1880.000      -16.34782       28.32410    
   1885.000      -16.29757       28.20504    
   1890.000      -16.26118       28.08719    
   1895.000      -16.24198       27.97052    
   1900.000      -16.24545       27.85501    
   1905.000      -16.28133       27.74067    
   1910.000      -16.36933       27.62745    
   1915.000      -16.55977       27.51537    
   1920.000      -17.07298       27.40440    
   1925.000      -17.11185       29.20449    
   1930.000      -16.28208       29.08055    
   1935.000      -15.86058       28.95807    
   1940.000      -15.55605       28.83702    
   1945.000      -15.30945       28.71740    
   1950.000      -15.09822       28.59918    
   1955.000      -14.91128       28.48234    
   1960.000      -14.74233       28.36686    
   1965.000      -14.58743       28.25272    
   1970.000      -14.44395       28.13990    
   1975.000      -14.31003       28.02839    
   1980.000      -14.18431       27.91816    
   1985.000      -14.06577       27.80920    
   1990.000      -13.95362       27.70149    
   1995.000      -13.84725       27.59501    
   2000.000      -13.74614       27.48976    
   2005.000      -13.64990       27.38570    
   2010.000      -13.55821       27.28284    
   2015.000      -13.47080       27.18115    
   2020.000      -13.38747       27.08063    
   2031.000      -13.21766       26.86348    
   2036.000      -13.14640       26.76657    
   2041.000      -13.07875       26.67076    
   2046.000      -13.01469       26.57604    
   2051.000      -12.95426       26.48240    
   2056.000      -12.89751       26.38983    
   2061.000      -12.84457       26.29831    
   2066.000      -12.79561       26.20784    
   2071.000      -12.75088       26.11840    
   2076.000      -12.71075       26.02999    
   2081.000      -12.67570       25.94258    
   2086.000      -12.64643       25.85618    
   2091.000      -12.62393       25.77076    
   2096.000      -12.60965       25.68633    
   2100.000      -12.60561       25.61949    
   2101.000      -12.60583       25.60287    
   2106.000      -12.61609       25.52038    
   2111.000      -12.64692       25.43884    
   2116.000      -12.71161       25.35825    
   2121.000      -12.84517       25.27859    
   2126.000      -13.21749       25.19986    
   2131.000      -13.09634       26.30473    
   2136.000      -12.64156       26.22514    
   2141.000      -12.39487       26.14650    
   2146.000      -12.21310       26.06879    
   2151.000      -12.06393       25.99201    
   2156.000      -11.93470       25.91616    
   2161.000      -11.81907       25.84122    
   2166.000      -11.71341       25.76718    
   2171.000      -11.61544       25.69405    
   2176.000      -11.52364       25.62181    
   2181.000      -11.43693       25.55047    
   2186.000      -11.35452       25.48000    
   2191.000      -11.27580       25.41041    
   2196.000      -11.20030       25.34169    
   2200.000      -11.14198       25.28734    
   2201.000      -11.12767       25.27384    
   2206.000      -11.05758       25.20684    
   2211.000      -10.98980       25.14070    
   2216.000      -10.92411       25.07541    
   2221.000      -10.86033       25.01096    
   2226.000      -10.79831       24.94734    
   2300.000      -9.314965       23.98751    
   2400.000      -8.404665       22.72313    
   2500.000      -7.366650       21.63336    
   2600.000      -6.725880       20.54142    
   2700.000      -6.202948       19.54444    
   2800.000      -5.507018       18.59674    
   2900.000      -5.147164       17.69350    
   3000.000      -4.949905       16.85344    
   3100.000      -4.703870       16.08553    
   3200.000      -4.502169       15.37079    
   3300.000      -4.337918       14.70424    
   3400.000      -4.205415       14.08150    
   3500.000      -4.104743       13.49880    
   3600.000      -4.023357       12.95329    
   3700.000      -3.961943       12.44134    
   3800.000      -3.917859       11.96015    
   3900.000      -3.895432       11.50774    
   4000.000      -3.880215       11.08186    
   4100.000      -3.876580       10.68009    
   4200.000      -3.883209       10.30057    
   4300.000      -3.902409       9.941839    
   4400.000      -3.926575       9.602468    
   4500.000      -3.958122       9.280841    
   4600.000      -3.996388       8.975704    
   4700.000      -4.040821       8.685919    
   4800.000      -4.090965       8.410440    
   4900.000      -4.146450       8.148317    
   5000.000      -4.206976       7.898675    
   5100.000      -4.272318       7.660711    
   5200.000      -4.342308       7.433687    
   5300.000      -4.416838       7.216923    
   5400.000      -4.495853       7.009795    
   5500.000      -4.579355       6.811723    
   5600.000      -4.667394       6.622173    
   5700.000      -4.760078       6.440650    
   5800.000      -4.861702       6.266740    
   5900.000      -4.971016       6.100186    
   6000.000      -5.078792       5.940559    
   6100.000      -5.199492       5.787546    
   6200.000      -5.318948       5.640644    
   6300.000      -5.445039       5.499422    
   6400.000      -5.578424       5.363583    
   6500.000      -5.723841       5.232895    
   6600.000      -5.874406       5.107097    
   6700.000      -6.035231       4.985898    
   6800.000      -6.207792       4.869071    
   6900.000      -6.393933       4.756403    
   7000.000      -6.595999       4.647693    
   7100.000      -6.817021       4.542752    
   7200.000      -7.061019       4.441403    
   7300.000      -7.333474       4.343480    
   7400.000      -7.642140       4.248827    
   7500.000      -7.998528       4.157294    
   7600.000      -8.431831       4.068984    
   7700.000      -8.951410       3.983718    
   7800.000      -9.629880       3.901171    
   7900.000      -10.61763       3.821226    
   7974.000      -11.83037       3.763675    
   7979.000      -11.94364       3.759835    
   7984.000      -12.06327       3.756000    
   7989.000      -12.19002       3.752172    
   7994.000      -12.32480       3.748350    
   7999.000      -12.46869       3.744533    
   8000.000      -12.49867       3.743771    
   8004.000      -12.62299       3.740723    
   8009.000      -12.78938       3.736918    
   8014.000      -12.96985       3.733119    
   8019.000      -13.16704  

