   1000.000      -30.30159       9.197296    
   1100.000      -32.61457       8.519276    
   1197.000      -37.94447       7.921163    
   1200.000      -38.24520       7.903587    
   1202.000      -38.45507       7.891899    
   1207.000      -39.01635       7.862778    
   1212.000      -39.63749       7.833799    
   1217.000      -40.32997       7.804963    
   1222.000      -41.10840       7.776267    
   1227.000      -41.99153       7.747712    
   1232.000      -43.00378       7.719296    
   1235.000      -43.68615       7.702313    
   1237.000      -44.17749       7.691019    
   1240.000      -44.97676       7.674119    
   1242.000      -45.55627       7.662880    
   1245.000      -46.50601       7.646062    
   1247.000      -47.20007       7.634878    
   1250.000      -48.34737       7.618142    
   1252.000      -49.19347       7.607012    
   1255.000      -50.60623       7.590358    
   1257.000      -51.65930       7.579282    
   1260.000      -53.43882       7.562709    
   1262.000      -54.78249       7.551687    
   1265.000      -57.08663       7.535194    
   1267.000      -58.85460       7.524226    
   1270.000      -61.94366       7.507814    
   1272.000      -64.36414       7.496899    
   1275.000      -68.70202       7.480566    
   1277.000      -72.20232       7.469704    
   1280.000      -78.71587       7.453450    
   1282.000      -84.21870       7.442641    
   1285.000      -95.14248       7.426466    
   1287.000      -105.2110       7.415709    
   1290.000      -128.4186       7.399612    
   1292.000      -156.1451       7.388907    
   1295.000      -370.7916       208.9730    
   1297.000      -160.7072       191.4681    
   1300.000      -96.39727       168.3245    
   1302.000      -74.05757       154.7186    
   1305.000      -53.06307       136.6775    
   1307.000      -44.07698       126.0400    
   1310.000      -35.42919       111.8944    
   1312.000      -32.04998       103.5296    
   1315.000      -29.75057       92.37431    
   1317.000      -29.82209       85.75961    
   1320.000      -32.24011       76.91300    
   1322.000      -35.54575       71.65251    
   1325.000      -43.90845       64.59771    
   1327.000      -53.04416       60.39106    
   1330.000      -79.57124       54.73433    
   1332.000      -139.8309       51.35211    
   1335.000      -68.90649       164.3109    
   1337.000      -41.15047       151.8316    
   1340.000      -18.45579       135.1807    
   1342.000      -9.080510       125.3029    
   1345.000      0.3095393       112.0866    
   1347.000       4.515838       104.2244    
   1350.000       8.775090       93.67619    
   1352.000       10.61948       87.38395    
   1355.000       12.32017       78.91934    
   1357.000       12.91690       73.85633    
   1360.000       13.21449       67.02733    
   1362.000       13.11387       62.93177    
   1365.000       12.62621       57.39330    
   1367.000       12.13014       54.06301    
   1370.000       11.19929       49.54791    
   1372.000       10.48567       46.82601    
   1375.000       9.317582       43.12647    
   1377.000       8.492854       40.89060    
   1380.000       7.212311       37.84418    
   1382.000       6.341340       35.99848    
   1385.000       5.024515       33.47761    
   1387.000       4.146812       31.94662    
   1390.000       2.839823       29.85063    
   1392.000       1.979076       28.57467    
   1395.000      0.7092299       26.82379    
   1400.000      -1.340020       24.28619    
   1405.000      -3.290394       22.14920    
   1410.000      -5.138105       20.34175    
   1415.000      -6.882701       18.80656    
   1420.000      -8.527506       17.49730    
   1425.000      -10.07790       16.37633    
   1430.000      -11.54035       15.41296    
   1500.000      -26.37013       9.881983    
   1578.000      -40.88742       9.628229    
   1583.000      -42.04639       9.735209    
   1588.000      -43.25799       9.861464    
   1593.000      -44.52805       10.00873    
   1598.000      -45.86304       10.17906    
   1600.000      -46.41678       10.25417    
   1603.000      -47.27010       10.37483    
   1608.000      -48.75716       10.59881    
   1613.000      -50.33306       10.85420    
   1618.000      -52.00773       11.14471    
   1623.000      -53.79241       11.47464    
   1628.000      -55.69991       11.84897    
   1633.000      -57.74498       12.27346    
   1638.000      -59.94487       12.75478    
   1643.000      -62.32014       13.30066    
   1648.000      -64.89608       13.92012    
   1653.000      -67.70526       14.62360    
   1658.000      -70.79319       15.42327    
   1663.000      -74.23312       16.33335    
   1668.000      -78.18595       17.37046    
   1673.000      -83.24677       18.55399    
   1678.000      -87.17263       24.50675    
   1683.000      -89.70359       26.02080    
   1688.000      -40.53446       26.29473    
   1693.000      -41.04499       26.49894    
   1698.000      -41.77598       26.74546    
   1700.000      -42.11943       26.85720    
   1703.000      -42.68492       27.04015    
   1708.000      -43.75708       27.38981    
   1713.000      -44.99036       27.80238    
   1718.000      -46.38980       28.28706    
   1723.000      -47.96547       28.85468    
   1728.000      -49.73153       29.51785    
   1733.000      -18.49899       30.14459    
   1738.000      -18.29611       30.00291    
   1743.000      -18.10707       29.86273    
   1744.000      -18.07079       29.83488    
   1748.000      -17.93042       29.72404    
   1749.000      -17.89648       29.69648    
   1753.000      -17.76510       29.58682    
   1754.000      -17.73332       29.55955    
   1758.000      -17.60955       29.45103    
   1759.000      -17.58065       29.42405    
   1763.000      -17.46550       29.31667    
   1764.000      -17.43769       29.28996    
   1768.000      -17.33017       29.18370    
   1769.000      -17.30422       29.15727    
   1773.000      -17.20408       29.05211    
   1774.000      -17.17996       29.02596    
   1779.000      -17.06485       28.89600    
   1784.000      -16.95896       28.76739    
   1789.000      -16.86260       28.64008    
   1794.000      -16.77630       28.51408    
   1799.000      -16.70095       28.38937    
   1800.000      -16.68730       28.36458    
   1804.000      -16.63788       28.26591    
   1809.000      -16.58916       28.14371    
   1814.000      -16.55805       28.02274    
   1819.000      -16.54992       27.90298    
   1824.000      -16.57437       27.78443    
   1829.000      -16.65086       27.66706    
   1834.000      -16.82918       27.55085    
   1839.000      -17.32730       27.43581    
   1844.000      -17.35619       29.21208    
   1849.000      -16.52626       29.08487    
   1854.000      -16.10052       28.95914    
   1859.000      -15.79075       28.83489    
   1864.000      -15.53853       28.71209    
   1869.000      -15.32153       28.59072    
   1874.000      -15.12879       28.47075    
   1879.000      -14.95406       28.35217    
   1884.000      -14.79345       28.23496    
   1889.000      -14.64432       28.11909    
   1894.000      -14.50484       28.00456    
   1899.000      -14.37367       27.89134    
   1900.000      -14.34833       27.86885    
   1904.000      -14.24976       27.77941    
   1909.000      -14.21368       27.66877    
   1914.000      -14.10152       27.55952    
   1919.000      -13.99512       27.45150    
   1924.000      -13.89370       27.34471    
   1929.000      -13.79694       27.23914    
   1934.000      -13.70454       27.13476    
   1939.000      -13.61632       27.03156    
   1949.000      -13.45174       26.82865    
   1954.000      -13.37516       26.72891    
   1959.000      -13.30229       26.63030    
   1964.000      -13.23312       26.53280    
   1969.000      -13.16765       26.43640    
   1974.000      -13.10594       26.34109    
   1979.000      -13.04811       26.24685    
   1984.000      -12.99432       26.15368    
   1989.000      -12.94481       26.06157    
   1994.000      -12.89993       25.97049    
   1999.000      -12.86016       25.88045    
   2000.000      -12.85287       25.86256    
   2004.000      -12.82615       25.79142    
   2009.000      -12.79886       25.70341    
   2014.000      -12.77969       25.61639    
   2019.000      -12.77077       25.53037    
   2024.000      -12.77554       25.44533    
   2029.000      -12.80008       25.36125    
   2034.000      -12.85668       25.27814    
   2039.000      -12.97656       25.19598    
   2044.000      -13.29623       25.11477    
   2049.000      -13.32247       26.21780    
   2054.000      -12.81189       26.13573    
   2059.000      -12.55132       26.05462    
   2064.000      -12.36157       25.97446    
   2069.000      -12.20643       25.89524    
   2074.000      -12.07217       25.81696    
   2079.000      -11.95202       25.73961    
   2084.000      -11.84218       25.66317    
   2089.000      -11.74027       25.58766    
   2094.000      -11.64470       25.51304    
   2099.000      -11.55435       25.43933    
   2100.000      -11.53683       25.42469    
   2104.000      -11.46840       25.36650    
   2109.000      -11.38624       25.29456    
   2114.000      -11.30738       25.22350    
   2119.000      -11.23144       25.15332    
   2124.000      -11.15812       25.08399    
   2129.000      -11.08716       25.01554    
   2134.000      -11.01833       24.94793    
   2139.000      -10.95147       24.88118    
   2144.000      -10.88641       24.81526    
   2200.000      -9.644308       24.07294    
   2300.000      -8.652822       22.75613    
   2400.000      -7.580132       21.61672    
   2500.000      -6.901272       20.49212    
   2600.000      -6.208828       19.46564    
   2700.000      -5.612243       18.48775    
   2800.000      -5.225668       17.56219    
   2900.000      -5.037875       16.70370    
   3000.000      -4.781608       15.91163    
   3100.000      -4.575285       15.18329    
   3200.000      -4.408186       14.50551    
   3300.000      -4.274214       13.87357    
   3400.000      -4.172260       13.28357    
   3500.000      -4.091360       12.73200    
   3600.000      -4.031115       12.21527    
   3700.000      -3.993972       11.73053    
   3800.000      -3.967738       11.27574    
   3900.000      -3.955024       10.84791    
   4000.000      -3.954206       10.44489    
   4100.000      -3.967155       10.06475    
   4200.000      -3.986485       9.706164    
   4300.000      -4.014207       9.367141    
   4400.000      -4.049522       9.046247    
   4500.000      -4.091766       8.742174    
   4600.000      -4.140390       8.453732    
   4700.000      -4.194950       8.179839    
   4800.000      -4.255088       7.919501    
   4900.000      -4.320530       7.671817    
   5000.000      -4.391074       7.435954    
   5100.000      -4.466585       7.211153    
   5200.000      -4.546993       6.996711    
   5300.000      -4.632292       6.791984    
   5400.000      -4.722532       6.596380    
   5500.000      -4.817337       6.409349    
   5600.000      -4.922089       6.230486    
   5700.000      -5.034343       6.059511    
   5800.000      -5.152984       5.895810    
   5900.000      -5.270915       5.739108    
   6000.000      -5.395549       5.588755    
   6100.000      -5.527516       5.444403    
   6200.000      -5.667585       5.305727    
   6300.000      -5.820279       5.172485    
   6400.000      -5.979591       5.044362    
   6500.000      -6.150515       4.921064    
   6600.000      -6.334831       4.802348    
   6700.000      -6.534794       4.687982    
   6800.000      -6.753316       4.577750    
   6900.000      -6.994233       4.471450    
   7000.000      -7.262747       4.368893    
   7100.000      -7.566160       4.269899    
   7200.000      -7.915189       4.174302    
   7300.000      -8.337425       4.082119    
   7400.000      -8.839304       3.993297    
   7500.000      -9.485448       3.907417    
   7600.000      -10.40024       3.824348    
   7693.000      -11.84685       3.749506    
   7698.000      -11.96067       3.745547    
   7700.000      -12.00794       3.743964    
   7703.000      -12.08086       3.741593    
   7708.000      -12.20820       3.737646    
   7713.000      -12.34356       3.733706    
   7718.000      -12.48807       3.729771    
   7723.000      -12.64303       3.725843    
   7728.000      -12.81008       3.721922    
   7733.000      -12.99125       3.718007    
   7738.000      -13.18916       3.714098    
   7743.000      -13.40722       3.710196    
   7748.000      -13.64997       3.706299    
   7753.000      -13.92366       3.702410    
   7758.000      -14.23739       3.698526    
   7763.000      -14.60478       3.694649    
   7768.000      -15.04789       3.690777    
   7773.000      -15.60594       3.686913    
   7778.000      -16.35977       3.683054    
   7783.000      -17.52405       3.679201    
   7788.000      -20.19125       3.675355    
   7793.000      -19.49522       10.58773    
   7798.000      -17.27531       10.57186    
   7800.000      -16.77412       10.56552    
   7803.000      -16.18579       10.55605    
   7808.000      -15.45669       10.54031    
   7813.000      -14.90783       10.52463    
   7818.000      -14.46999       10.50902    
   7823.000      -14.10250       10.49347    
   7828.000      -13.78716       10.47798    
   7833.000      -13.51111       10.46256    
   7838.000      -13.26577       10.44721    
   7843.000      -13.04505       10.43191    
   7848.000      -12.84456       10.41668    
   7853.000      -12.66098       10.40151    
   7858.000      -12.49179       10.38640    
   7863.000      -12.33494       10.37136    
   7868.000      -12.18883       10.35637    
   7873.000      -12.05216       10.34145    
   7878.000      -11.92384       10.32658    
   7883.000      -11.80296       10.31178    
   7888.000      -11.68877       10.29704    
   7900.000      -11.43830       10.26190    
   8000.000      -10.10876       9.982025    
   8100.000      -9.413468       9.724016    
   8200.000     

